          7504  627 
          7450  634 
          7443  634 
          7429  648 
          7422  655 
          7402  675 
          7395  682 
          7388  689 
          7375  696 
          7368  702 
          7361  709 
          7307  743 
          7307  750 
          7293  784 
          7293  846 
          7293  859 
          7286  948 
          7286  1043 
          7286  1077 
          7286  1118 
          7286  1125 
          7286  1139 
          7279  1146 
          7272  1152 
          7266  1159 
          7252  1180 
          7218  1221 
          7163  1241 
          7102  1262 
          7006  1275 
          6911  1282 
          6829  1282 
          6781  1275 
          6775  1268 
          6713  1241 
          6631  1200 
          6584  1180 
          6543  1180 
          6495  1193 
          6474  1200 
          6434  1214 
          6365  1234 
          6297  1268 
          6243  1303 
          6202  1330 
          6195  1330 
          6188  1337 
          6181  1343 
          6161  1350 
          6140  1357 
          6120  1364 
          6106  1364 
          6079  1384 
          6058  1398 
          6058  1405 
          6058  1453 
          6058  1493 
          6058  1534 
          6058  1616 
          6058  1637 
          6058  1644 
          6058  1650 
          6058  1657 
          6052  1671 
          6011  1691 
          5963  1719 
          5874  1753 
          5786  1766 
          5711  1773 
          5670  1794 
          5602  1794 
          5554  1800 
          5506  1800 
          5472  1807 
          5417  1807 
          5226  1814 
          5097  1841 
          5056  1862 
          5022  1875 
          5008  1882 
          4981  1896 
          4967  1909 
          4947  1930 
          4920  1944 
          4899  1978 
          4879  2005 
          4872  2012 
          4858  2019 
          4851  2046 
          4851  2060 
          4851  2087 
          4851  2128 
          4865  2155 
          4892  2182 
          4913  2203 
          4933  2223 
          4947  2237 
          4967  2257 
          5001  2291 
          5063  2366 
          5070  2373 
          5117  2387 
          5158  2414 
          5226  2455 
          5329  2516 
          5370  2551 
          5376  2557 
          5404  2578 
          5411  2585 
          5445  2619 
          5458  2639 
          5506  2728 
          5533  2776 
          5547  2823 
          5629  2960 
          5738  3076 
          5799  3110 
          5840  3144 
          5908  3192 
          5963  3246 
          6018  3294 
          6099  3348 
          6154  3369 
          6222  3410 
          6243  3417 
          6263  3437 
          6277  3444 
          6284  3451 
          6290  3458 
          6297  3464 
          6297  3471 
          6304  3485 
          6311  3492 
          6318  3505 
          6324  3519 
          6324  3533 
          6324  3546 
          6277  3635 
          6249  3669 
          6229  3703 
          6195  3751 
          6188  3758 
          6181  3792 
          6174  3826 
          6174  3853 
          6154  3908 
          6147  3942 
          6147  3983 
          6147  4010 
          6147  4051 
          6161  4092 
          6168  4133 
          6168  4160 
          6174  4249 
          6188  4324 
          6202  4358 
          6202  4385 
          6208  4440 
          6208  4453 
          6215  4501 
          6243  4576 
          6290  4672 
          6304  4699 
          6318  4719 
          6318  4733 
          6318  4767 
          6318  4828 
          6318  4863 
          6318  5013 
          6270  5108 
          6270  5142 
          6263  5244 
          6263  5313 
          6236  5408 
          6229  5442 
          6222  5476 
          6215  5497 
          6195  5558 
          6174  5647 
          6154  5708 
          6133  5742 
          6106  5811 
          6079  5865 
          6004  5995 
          5977  6029 
          5963  6063 
          5949  6117 
          5949  6213 
          5949  6247 
          5956  6281 
          5983  6370 
          5990  6465 
          5990  6492 
          5990  6506 
          5990  6527 
          5990  6602 
          6024  6718 
          6052  6793 
          6058  6799 
          6058  6813 
          6058  6854 
          6058  6929 
          6058  6943 
          6058  6949 
          6058  6963 
          6065  6984 
          6072  7018 
          6079  7024 
          6093  7052 
          6113  7086 
          6127  7093 
          6188  7120 
          6229  7134 
          6277  7134 
          6311  7140 
          6359  7161 
          6365  7168 
          6454  7168 
          6570  7188 
          6938  7188 
          7000  7181 
          7156  7181 
          7320  7147 
          7463  7093 
          7552  7045 
          7702  6956 
          7723  6949 
          7784  6902 
          7791  6881 
          7791  6833 
          7791  6806 
          7791  6786 
          7784  6765 
          7777  6738 
          7763  6697 
          7729  6608 
          7723  6561 
          7702  6499 
          7695  6472 
          7688  6445 
          7668  6397 
          7648  6349 
          7641  6342 
          7620  6308 
          7607  6281 
          7600  6247 
          7586  6172 
          7586  6131 
          7600  6049 
          7675  5961 
          7723  5933 
          7770  5899 
          7825  5858 
          7859  5845 
          7900  5845 
          7941  5838 
          8186  5838 
          8220  5824 
          8302  5783 
          8384  5722 
          8493  5490 
          8493  5429 
          8466  5340 
          8384  5258 
          8336  5224 
          8302  5156 
          8193  4992 
          8186  4978 
          8139  4903 
          8125  4890 
          8104  4863 
          8064  4822 
          7913  4740 
          7852  4719 
          7818  4699 
          7763  4672 
          7736  4651 
          7716  4631 
          7682  4590 
          7654  4556 
          7634  4535 
          7559  4419 
          7470  4324 
          7429  4276 
          7409  4262 
          7402  4256 
          7395  4249 
          7382  4235 
          7354  4201 
          7347  4187 
          7327  4153 
          7307  4112 
          7300  4092 
          7300  4078 
          7293  4044 
          7272  3962 
          7272  3921 
          7266  3846 
          7266  3833 
          7252  3751 
          7252  3717 
          7252  3662 
          7252  3635 
          7252  3628 
          7252  3601 
          7252  3594 
          7252  3587 
          7252  3560 
          7252  3533 
          7252  3499 
          7266  3458 
          7272  3410 
          7272  3369 
          7279  3260 
          7279  3205 
          7279  3137 
          7279  3042 
          7286  2960 
          7307  2892 
          7313  2844 
          7320  2776 
          7320  2769 
          7327  2755 
          7347  2714 
          7375  2660 
          7395  2605 
          7429  2564 
          7436  2557 
          7484  2503 
          7579  2360 
          7627  2312 
          7654  2250 
          7682  2196 
          7702  2155 
          7709  2128 
          7750  2039 
          7784  1923 
          7791  1882 
          7798  1841 
          7818  1773 
          7825  1684 
          7832  1623 
          7845  1582 
          7852  1528 
          7859  1412 
          7859  1316 
          7859  1187 
          7859  1132 
          7859  1077 
          7859  1016 
          7859  1002 
          7845  962 
          7804  914 
          7784  873 
          7763  846 
          7750  818 
          7723  791 
          7709  771 
          7682  743 
          7641  689 
          7634  682 
          7607  655 
          7566  634 
          7552  627 
          7504  627